  6.72936E-05  4.91767E-05  4.91767E-05  4.91766E-05  4.91764E-05  4.91762E-05  4.92152E-05  4.91767E-05  4.91767E-05  4.91766E-05
  6.88100E-04  5.05412E-04  4.61860E-04  4.36384E-04  4.18308E-04  4.04288E-04  6.29684E-04  5.05412E-04  4.61860E-04  4.36384E-04
  4.91764E-05  4.91762E-05
  4.18308E-04  4.04288E-04  Core 1

  4.91767E-05  6.72936E-05  4.91767E-05  4.91767E-05  4.91766E-05  4.91764E-05  4.91767E-05  4.92152E-05  4.91767E-05  4.91767E-05
  5.05412E-04  6.88100E-04  5.05412E-04  4.61860E-04  4.36384E-04  4.18308E-04  5.05412E-04  6.29684E-04  5.05412E-04  4.61860E-04
  4.91766E-05  4.91764E-05
  4.36384E-04  4.18308E-04  Core 2

  4.91767E-05  4.91767E-05  6.72936E-05  4.91767E-05  4.91767E-05  4.91766E-05  4.91767E-05  4.91767E-05  4.92152E-05  4.91767E-05
  4.61860E-04  5.05412E-04  6.88100E-04  5.05412E-04  4.61860E-04  4.36384E-04  4.61860E-04  5.05412E-04  6.29684E-04  5.05412E-04
  4.91767E-05  4.91766E-05
  4.61860E-04  4.36384E-04  Core 3

  4.91766E-05  4.91767E-05  4.91767E-05  6.72936E-05  4.91767E-05  4.91767E-05  4.91766E-05  4.91767E-05  4.91767E-05  4.92152E-05
  4.36384E-04  4.61860E-04  5.05412E-04  6.88100E-04  5.05412E-04  4.61860E-04  4.36384E-04  4.61860E-04  5.05412E-04  6.29684E-04
  4.91767E-05  4.91767E-05
  5.05412E-04  4.61860E-04  Core 4

  4.91764E-05  4.91766E-05  4.91767E-05  4.91767E-05  6.72936E-05  4.91767E-05  4.91764E-05  4.91766E-05  4.91767E-05  4.91767E-05
  4.18308E-04  4.36384E-04  4.61860E-04  5.05412E-04  6.88100E-04  5.05412E-04  4.18308E-04  4.36384E-04  4.61860E-04  5.05412E-04
  4.92152E-05  4.91767E-05
  6.29684E-04  5.05412E-04  Core 5

  4.91762E-05  4.91764E-05  4.91766E-05  4.91767E-05  4.91767E-05  6.72936E-05  4.91762E-05  4.91764E-05  4.91766E-05  4.91767E-05
  4.04288E-04  4.18308E-04  4.36384E-04  4.61860E-04  5.05412E-04  6.88100E-04  4.04288E-04  4.18308E-04  4.36384E-04  4.61860E-04
  4.91767E-05  4.92152E-05
  5.05412E-04  6.29684E-04  Core 6

  4.92152E-05  4.91767E-05  4.91767E-05  4.91766E-05  4.91764E-05  4.91762E-05  7.11855E-05  4.91767E-05  4.91767E-05  4.91766E-05
  6.29684E-04  5.05412E-04  4.61860E-04  4.36384E-04  4.18308E-04  4.04288E-04  6.28928E-04  5.05412E-04  4.61860E-04  4.36384E-04
  4.91764E-05  4.91762E-05
  4.18308E-04  4.04288E-04  Sheath 1

  4.91767E-05  4.92152E-05  4.91767E-05  4.91767E-05  4.91766E-05  4.91764E-05  4.91767E-05  7.11855E-05  4.91767E-05  4.91767E-05
  5.05412E-04  6.29684E-04  5.05412E-04  4.61860E-04  4.36384E-04  4.18308E-04  5.05412E-04  6.28928E-04  5.05412E-04  4.61860E-04
  4.91766E-05  4.91764E-05
  4.36384E-04  4.18308E-04  Sheath 2

  4.91767E-05  4.91767E-05  4.92152E-05  4.91767E-05  4.91767E-05  4.91766E-05  4.91767E-05  4.91767E-05  7.11855E-05  4.91767E-05
  4.61860E-04  5.05412E-04  6.29684E-04  5.05412E-04  4.61860E-04  4.36384E-04  4.61860E-04  5.05412E-04  6.28928E-04  5.05412E-04
  4.91767E-05  4.91766E-05
  4.61860E-04  4.36384E-04  Sheath 3

  4.91766E-05  4.91767E-05  4.91767E-05  4.92152E-05  4.91767E-05  4.91767E-05  4.91766E-05  4.91767E-05  4.91767E-05  7.11855E-05
  4.36384E-04  4.61860E-04  5.05412E-04  6.29684E-04  5.05412E-04  4.61860E-04  4.36384E-04  4.61860E-04  5.05412E-04  6.28928E-04
  4.91767E-05  4.91767E-05
  5.05412E-04  4.61860E-04  Sheath 4

  4.91764E-05  4.91766E-05  4.91767E-05  4.91767E-05  4.92152E-05  4.91767E-05  4.91764E-05  4.91766E-05  4.91767E-05  4.91767E-05
  4.18308E-04  4.36384E-04  4.61860E-04  5.05412E-04  6.29684E-04  5.05412E-04  4.18308E-04  4.36384E-04  4.61860E-04  5.05412E-04
  7.11855E-05  4.91767E-05
  6.28928E-04  5.05412E-04  Sheath 5

  4.91762E-05  4.91764E-05  4.91766E-05  4.91767E-05  4.91767E-05  4.92152E-05  4.91762E-05  4.91764E-05  4.91766E-05  4.91767E-05
  4.04288E-04  4.18308E-04  4.36384E-04  4.61860E-04  5.05412E-04  6.29684E-04  4.04288E-04  4.18308E-04  4.36384E-04  4.61860E-04
  4.91767E-05  7.11855E-05
  5.05412E-04  6.28928E-04  Sheath 6
  
  