
      3.4512107E-10   0.0000000E+00   0.0000000E+00   0.0000000E+00   0.0000000E+00   0.0000000E+00  -3.4512107E-10   0.0000000E+00    0.0000000E+00   0.0000000E+00   0.0000000E+00   0.0000000E+00



      0.0000000E+00   3.4512107E-10   0.0000000E+00   0.0000000E+00   0.0000000E+00   0.0000000E+00   0.0000000E+00  -3.4512107E-10    0.0000000E+00   0.0000000E+00   0.0000000E+00   0.0000000E+00
      


      0.0000000E+00   0.0000000E+00   3.4512107E-10   0.0000000E+00   0.0000000E+00   0.0000000E+00   0.0000000E+00   0.0000000E+00   -3.4512107E-10   0.0000000E+00   0.0000000E+00   0.0000000E+00
 


      0.0000000E+00   0.0000000E+00   0.0000000E+00   3.4512107E-10   0.0000000E+00   0.0000000E+00   0.0000000E+00   0.0000000E+00    0.0000000E+00  -3.4512107E-10   0.0000000E+00   0.0000000E+00



      0.0000000E+00   0.0000000E+00   0.0000000E+00   0.0000000E+00   3.4512107E-10   0.0000000E+00   0.0000000E+00   0.0000000E+00    0.0000000E+00   0.0000000E+00  -3.4512107E-10   0.0000000E+00



      0.0000000E+00   0.0000000E+00   0.0000000E+00   0.0000000E+00   0.0000000E+00   3.4512107E-10   0.0000000E+00   0.0000000E+00    0.0000000E+00   0.0000000E+00   0.0000000E+00  -3.4512107E-10


     -3.4512107E-10   0.0000000E+00   0.0000000E+00   0.0000000E+00   0.0000000E+00   0.0000000E+00   3.0345697E-09   0.0000000E+00    0.0000000E+00   0.0000000E+00   0.0000000E+00   0.0000000E+00



      0.0000000E+00  -3.4512107E-10   0.0000000E+00   0.0000000E+00   0.0000000E+00   0.0000000E+00   0.0000000E+00   3.0345697E-09    0.0000000E+00   0.0000000E+00   0.0000000E+00   0.0000000E+00
      


      0.0000000E+00   0.0000000E+00  -3.4512107E-10   0.0000000E+00   0.0000000E+00   0.0000000E+00   0.0000000E+00   0.0000000E+00     3.0345697E-09   0.0000000E+00   0.0000000E+00   0.0000000E+00
   


      0.0000000E+00   0.0000000E+00   0.0000000E+00  -3.4512107E-10   0.0000000E+00   0.0000000E+00   0.0000000E+00   0.0000000E+00     0.0000000E+00   3.0345697E-09   0.0000000E+00   0.0000000E+00
   


      0.0000000E+00   0.0000000E+00   0.0000000E+00   0.0000000E+00  -3.4512107E-10   0.0000000E+00   0.0000000E+00   0.0000000E+00      0.0000000E+00   0.0000000E+00   3.0345697E-09   0.0000000E+00
   

      0.0000000E+00   0.0000000E+00   0.0000000E+00   0.0000000E+00   0.0000000E+00  -3.4512107E-10   0.0000000E+00   0.0000000E+00         0.0000000E+00   0.0000000E+00   0.0000000E+00   3.0345697E-09

 